{
  "accessors": [
    {
      "bufferView": 2,
      "componentType": 5126,
      "count": 246,
      "max": [
        63.22611999511719,
        21.18869400024414,
        63.92803955078125
      ],
      "min": [
        -63.22611999511719,
        -21.18869400024414,
        -63.92803955078125
      ],
      "type": "VEC3"
    },
    {
      "bufferView": 2,
      "byteOffset": 2952,
      "componentType": 5126,
      "count": 246,
      "max": [
        0.4117816388607025,
        0.9807750582695007,
        0.6584630012512207
      ],
      "min": [
        -0.6397129893302917,
        0.6070349812507629,
        -0.7750235199928284
      ],
      "type": "VEC3"
    },
    {
      "bufferView": 1,
      "componentType": 5126,
      "count": 246,
      "max": [
        0.9926762580871582,
        0.9868982434272766
      ],
      "min": [
        0.0073236869648098946,
        0.013101816177368164
      ],
      "type": "VEC2"
    },
    {
      "bufferView": 1,
      "byteOffset": 1968,
      "componentType": 5126,
      "count": 246,
      "max": [
        0.9926762580871582,
        0.9868982434272766
      ],
      "min": [
        0.0073236869648098946,
        0.013101816177368164
      ],
      "type": "VEC2"
    },
    {
      "bufferView": 0,
      "componentType": 5125,
      "count": 1200,
      "type": "SCALAR"
    },
    {
      "bufferView": 2,
      "byteOffset": 5904,
      "componentType": 5126,
      "count": 123,
      "max": [
        57.54780960083008,
        6.893637180328369,
        162.4661102294922
      ],
      "min": [
        -57.49555969238281,
        -15.009164810180664,
        -2.9415199756622314
      ],
      "type": "VEC3"
    },
    {
      "bufferView": 2,
      "byteOffset": 7380,
      "componentType": 5126,
      "count": 123,
      "max": [
        0.6042292714118958,
        1.0,
        0.38115358352661133
      ],
      "min": [
        -0.6169905662536621,
        0.7842413187026978,
        -0.31777650117874146
      ],
      "type": "VEC3"
    },
    {
      "bufferView": 1,
      "byteOffset": 3936,
      "componentType": 5126,
      "count": 123,
      "max": [
        0.9926762580871582,
        0.9868982434272766
      ],
      "min": [
        0.0073236869648098946,
        0.013101816177368164
      ],
      "type": "VEC2"
    },
    {
      "bufferView": 1,
      "byteOffset": 4920,
      "componentType": 5126,
      "count": 123,
      "max": [
        0.9926762580871582,
        0.9868982434272766
      ],
      "min": [
        0.0073236869648098946,
        0.013101816177368164
      ],
      "type": "VEC2"
    },
    {
      "bufferView": 0,
      "byteOffset": 4800,
      "componentType": 5125,
      "count": 600,
      "type": "SCALAR"
    },
    {
      "bufferView": 2,
      "byteOffset": 8856,
      "componentType": 5126,
      "count": 122,
      "max": [
        72.92713928222656,
        5.177154064178467,
        95.83477783203125
      ],
      "min": [
        -72.86093139648438,
        -15.009164810180664,
        -95.37914276123047
      ],
      "type": "VEC3"
    },
    {
      "bufferView": 2,
      "byteOffset": 10320,
      "componentType": 5126,
      "count": 122,
      "max": [
        0.4555458426475525,
        1.0,
        0.2456347942352295
      ],
      "min": [
        -0.5277601480484009,
        0.8470250368118286,
        -0.2277737706899643
      ],
      "type": "VEC3"
    },
    {
      "bufferView": 1,
      "byteOffset": 5904,
      "componentType": 5126,
      "count": 122,
      "max": [
        0.9926762580871582,
        0.9868982434272766
      ],
      "min": [
        0.0073236869648098946,
        0.013101816177368164
      ],
      "type": "VEC2"
    },
    {
      "bufferView": 1,
      "byteOffset": 6880,
      "componentType": 5126,
      "count": 122,
      "max": [
        0.9926762580871582,
        0.9868982434272766
      ],
      "min": [
        0.0073236869648098946,
        0.013101816177368164
      ],
      "type": "VEC2"
    },
    {
      "bufferView": 0,
      "byteOffset": 7200,
      "componentType": 5125,
      "count": 600,
      "type": "SCALAR"
    },
    {
      "bufferView": 2,
      "byteOffset": 11784,
      "componentType": 5126,
      "count": 121,
      "max": [
        194.36012268066406,
        7.7536115646362305,
        232.70071411132813
      ],
      "min": [
        -194.36178588867188,
        -50.099552154541016,
        -231.5943603515625
      ],
      "type": "VEC3"
    },
    {
      "bufferView": 2,
      "byteOffset": 13236,
      "componentType": 5126,
      "count": 121,
      "max": [
        0.4385277032852173,
        1.0,
        0.45929664373397827
      ],
      "min": [
        -0.5136136412620544,
        0.8438277244567871,
        -0.33183467388153076
      ],
      "type": "VEC3"
    },
    {
      "bufferView": 1,
      "byteOffset": 7856,
      "componentType": 5126,
      "count": 121,
      "max": [
        0.9926762580871582,
        0.9868982434272766
      ],
      "min": [
        0.0073236869648098946,
        0.013101816177368164
      ],
      "type": "VEC2"
    },
    {
      "bufferView": 1,
      "byteOffset": 8824,
      "componentType": 5126,
      "count": 121,
      "max": [
        0.9926762580871582,
        0.9868982434272766
      ],
      "min": [
        0.0073236869648098946,
        0.013101816177368164
      ],
      "type": "VEC2"
    },
    {
      "bufferView": 0,
      "byteOffset": 9600,
      "componentType": 5125,
      "count": 600,
      "type": "SCALAR"
    },
    {
      "bufferView": 2,
      "byteOffset": 14688,
      "componentType": 5126,
      "count": 122,
      "max": [
        296.8539733886719,
        -25.735469818115234,
        149.4737548828125
      ],
      "min": [
        -9.968961715698242,
        -70.84591674804688,
        -141.8702850341797
      ],
      "type": "VEC3"
    },
    {
      "bufferView": 2,
      "byteOffset": 16152,
      "componentType": 5126,
      "count": 122,
      "max": [
        0.487074613571167,
        1.0,
        0.3794369101524353
      ],
      "min": [
        -0.45144122838974,
        0.8287928700447083,
        -0.465616911649704
      ],
      "type": "VEC3"
    },
    {
      "bufferView": 1,
      "byteOffset": 9792,
      "componentType": 5126,
      "count": 122,
      "max": [
        0.9926762580871582,
        0.9868982434272766
      ],
      "min": [
        0.0073236869648098946,
        0.013101816177368164
      ],
      "type": "VEC2"
    },
    {
      "bufferView": 1,
      "byteOffset": 10768,
      "componentType": 5126,
      "count": 122,
      "max": [
        0.9926762580871582,
        0.9868982434272766
      ],
      "min": [
        0.0073236869648098946,
        0.013101816177368164
      ],
      "type": "VEC2"
    },
    {
      "bufferView": 0,
      "byteOffset": 12000,
      "componentType": 5125,
      "count": 600,
      "type": "SCALAR"
    },
    {
      "bufferView": 2,
      "byteOffset": 17616,
      "componentType": 5126,
      "count": 121,
      "max": [
        189.06507873535156,
        23.218809127807617,
        266.255126953125
      ],
      "min": [
        -188.57838439941406,
        -43.376060485839844,
        -264.2081604003906
      ],
      "type": "VEC3"
    },
    {
      "bufferView": 2,
      "byteOffset": 19068,
      "componentType": 5126,
      "count": 121,
      "max": [
        0.4402834475040436,
        1.0,
        0.32213595509529114
      ],
      "min": [
        -0.4327385723590851,
        0.8819963932037354,
        -0.3308895528316498
      ],
      "type": "VEC3"
    },
    {
      "bufferView": 1,
      "byteOffset": 11744,
      "componentType": 5126,
      "count": 121,
      "max": [
        0.9926762580871582,
        0.9868982434272766
      ],
      "min": [
        0.0073236869648098946,
        0.013101816177368164
      ],
      "type": "VEC2"
    },
    {
      "bufferView": 1,
      "byteOffset": 12712,
      "componentType": 5126,
      "count": 121,
      "max": [
        0.9926762580871582,
        0.9868982434272766
      ],
      "min": [
        0.0073236869648098946,
        0.013101816177368164
      ],
      "type": "VEC2"
    },
    {
      "bufferView": 0,
      "byteOffset": 14400,
      "componentType": 5125,
      "count": 600,
      "type": "SCALAR"
    }
  ],
  "asset": {
    "extras": {
      "author": "Zinaida.Kovrova (https://sketchfab.com/Zinaida.Kovrova)",
      "license": "CC-BY-4.0 (http://creativecommons.org/licenses/by/4.0/)",
      "source": "https://sketchfab.com/3d-models/mint-leaves-25837c82537c46e3ade674e0b8e99864",
      "title": "Mint Leaves"
    },
    "generator": "Sketchfab-12.68.0",
    "version": "2.0"
  },
  "bufferViews": [
    {
      "buffer": 0,
      "byteLength": 16800,
      "name": "floatBufferViews",
      "target": 34963
    },
    {
      "buffer": 0,
      "byteLength": 13680,
      "byteOffset": 16800,
      "byteStride": 8,
      "name": "floatBufferViews",
      "target": 34962
    },
    {
      "buffer": 0,
      "byteLength": 20520,
      "byteOffset": 30480,
      "byteStride": 12,
      "name": "floatBufferViews",
      "target": 34962
    }
  ],
  "buffers": [
    {
      "byteLength": 51000,
      "uri": "scene.bin"
    }
  ],
  "images": [
    {
      "uri": "textures/myata2_baseColor.png"
    },
    {
      "uri": "textures/myata3_baseColor.png"
    },
    {
      "uri": "textures/myata_baseColor.png"
    }
  ],
  "materials": [
    {
      "alphaMode": "BLEND",
      "doubleSided": true,
      "name": "myata2",
      "pbrMetallicRoughness": {
        "baseColorTexture": {
          "index": 0
        },
        "metallicFactor": 0.0,
        "roughnessFactor": 0.6
      }
    },
    {
      "alphaMode": "BLEND",
      "doubleSided": true,
      "name": "myata3",
      "pbrMetallicRoughness": {
        "baseColorTexture": {
          "index": 1
        },
        "metallicFactor": 0.0,
        "roughnessFactor": 0.6
      }
    },
    {
      "alphaMode": "BLEND",
      "doubleSided": true,
      "name": "myata",
      "pbrMetallicRoughness": {
        "baseColorTexture": {
          "index": 2
        },
        "metallicFactor": 0.0,
        "roughnessFactor": 0.6
      }
    }
  ],
  "meshes": [
    {
      "name": "myata2_4_myata2_0",
      "primitives": [
        {
          "attributes": {
            "NORMAL": 1,
            "POSITION": 0,
            "TEXCOORD_0": 2,
            "TEXCOORD_1": 3
          },
          "indices": 4,
          "material": 0,
          "mode": 4
        }
      ]
    },
    {
      "name": "myata2_1_myata2_0",
      "primitives": [
        {
          "attributes": {
            "NORMAL": 6,
            "POSITION": 5,
            "TEXCOORD_0": 7,
            "TEXCOORD_1": 8
          },
          "indices": 9,
          "material": 0,
          "mode": 4
        }
      ]
    },
    {
      "name": "myata2_myata2_0",
      "primitives": [
        {
          "attributes": {
            "NORMAL": 11,
            "POSITION": 10,
            "TEXCOORD_0": 12,
            "TEXCOORD_1": 13
          },
          "indices": 14,
          "material": 0,
          "mode": 4
        }
      ]
    },
    {
      "name": "myata3_myata3_0",
      "primitives": [
        {
          "attributes": {
            "NORMAL": 16,
            "POSITION": 15,
            "TEXCOORD_0": 17,
            "TEXCOORD_1": 18
          },
          "indices": 19,
          "material": 1,
          "mode": 4
        }
      ]
    },
    {
      "name": "myata_myata_0",
      "primitives": [
        {
          "attributes": {
            "NORMAL": 21,
            "POSITION": 20,
            "TEXCOORD_0": 22,
            "TEXCOORD_1": 23
          },
          "indices": 24,
          "material": 2,
          "mode": 4
        }
      ]
    },
    {
      "name": "myata2_2_myata2_0",
      "primitives": [
        {
          "attributes": {
            "NORMAL": 26,
            "POSITION": 25,
            "TEXCOORD_0": 27,
            "TEXCOORD_1": 28
          },
          "indices": 29,
          "material": 0,
          "mode": 4
        }
      ]
    }
  ],
  "nodes": [
    {
      "children": [
        1
      ],
      "matrix": [
        1.0,
        0.0,
        0.0,
        0.0,
        0.0,
        2.220446049250313e-16,
        -1.0,
        0.0,
        0.0,
        1.0,
        2.220446049250313e-16,
        0.0,
        0.0,
        0.0,
        0.0,
        1.0
      ],
      "name": "Sketchfab_model"
    },
    {
      "children": [
        2
      ],
      "matrix": [
        0.009999999776482582,
        0.0,
        0.0,
        0.0,
        0.0,
        0.0,
        0.009999999776482582,
        0.0,
        0.0,
        -0.009999999776482582,
        0.0,
        0.0,
        0.0,
        0.0,
        0.0,
        1.0
      ],
      "name": "042d835157e441e1a34ab8011aa5317b.fbx"
    },
    {
      "children": [
        3,
        5,
        7,
        9,
        11,
        13,
        15
      ],
      "name": "RootNode"
    },
    {
      "children": [
        4
      ],
      "matrix": [
        -0.5682031951663735,
        -0.8203757744565007,
        0.06425509853405444,
        0.0,
        -0.8151800091554385,
        0.5718247884491339,
        0.09218440208865258,
        0.0,
        -0.11236850838230177,
        0.0,
        -0.9936666032044836,
        0.0,
        858.4253540039063,
        1526.1461181640625,
        -205.90501403808594,
        1.0
      ],
      "name": "CINEMA_4D_Editor"
    },
    {
      "name": "Object_4"
    },
    {
      "children": [
        6
      ],
      "matrix": [
        0.17663092098629862,
        -0.15025128543736538,
        -0.9727415221814845,
        0.0,
        0.026843757561252936,
        0.9886478398420842,
        -0.14783389819514778,
        0.0,
        0.983911037864463,
        -2.498001805406602e-16,
        0.17865908756196924,
        0.0,
        -164.1816864013672,
        62.129150390625,
        82.04053497314453,
        1.0
      ],
      "name": "myata2_4"
    },
    {
      "mesh": 0,
      "name": "myata2_4_myata2_0"
    },
    {
      "children": [
        8
      ],
      "matrix": [
        0.7947709263939041,
        0.29700194703407123,
        0.5292721587396659,
        0.0,
        -0.041652279256923885,
        0.8967139941194292,
        -0.44064623041969114,
        0.0,
        -0.6054785398275307,
        0.3281674210039001,
        0.7250530198543899,
        0.0,
        -147.1276092529297,
        42.451072692871094,
        82.50814056396484,
        1.0
      ],
      "name": "myata2_1"
    },
    {
      "mesh": 1,
      "name": "myata2_1_myata2_0"
    },
    {
      "children": [
        10
      ],
      "matrix": [
        -0.5970610413885968,
        -0.023188090565563785,
        -0.8018606021696584,
        0.0,
        -0.3530556196250376,
        0.9051635755551715,
        0.23670790214810794,
        0.0,
        0.720326205484116,
        0.42443045831337395,
        -0.5486245927305431,
        0.0,
        -108.50572967529297,
        81.04246520996094,
        43.274959564208984,
        1.0
      ],
      "name": "myata2"
    },
    {
      "mesh": 2,
      "name": "myata2_myata2_0"
    },
    {
      "children": [
        12
      ],
      "matrix": [
        -0.8286491119288211,
        0.08334926094417303,
        -0.5535282738936071,
        0.0,
        0.21895874386842587,
        0.9583268353529485,
        -0.18348499973012466,
        0.0,
        0.515167659876993,
        -0.27324453762603,
        -0.8123667305314761,
        0.0,
        -364.7257080078125,
        99.8294448852539,
        206.2877655029297,
        1.0
      ],
      "name": "myata3"
    },
    {
      "mesh": 3,
      "name": "myata3_myata3_0"
    },
    {
      "children": [
        14
      ],
      "matrix": [
        0.05016297881369225,
        0.2619497630632496,
        -0.9637769436895887,
        0.0,
        -0.25804181167015183,
        0.9356265488994171,
        0.2408679813187145,
        0.0,
        0.9648306063690781,
        0.23661209315179582,
        0.11452780617737746,
        0.0,
        -272.078369140625,
        52.890682220458984,
        64.27555847167969,
        1.0
      ],
      "name": "myata"
    },
    {
      "mesh": 4,
      "name": "myata_myata_0"
    },
    {
      "children": [
        16
      ],
      "matrix": [
        -0.4864088209350892,
        -0.01709792735682042,
        -0.8735640330259925,
        0.0,
        -0.12205007455785583,
        0.9913355286248592,
        0.04855562775305024,
        0.0,
        0.8651648618713997,
        0.13023644100700787,
        -0.484281148938166,
        0.0,
        20.841279983520508,
        65.95681762695313,
        3.086873769760132,
        1.0
      ],
      "name": "myata2_2"
    },
    {
      "mesh": 5,
      "name": "myata2_2_myata2_0"
    }
  ],
  "samplers": [
    {
      "magFilter": 9729,
      "minFilter": 9987,
      "wrapS": 10497,
      "wrapT": 10497
    }
  ],
  "scene": 0,
  "scenes": [
    {
      "name": "Sketchfab_Scene",
      "nodes": [
        0
      ]
    }
  ],
  "textures": [
    {
      "sampler": 0,
      "source": 0
    },
    {
      "sampler": 0,
      "source": 1
    },
    {
      "sampler": 0,
      "source": 2
    }
  ]
}
